BootCurrent: 0004
Timeout: 0 seconds
BootOrder: 2001,0001,3001,0002,0000,0003,2002,2004
Boot0000* Notebook Hard Drive - WDC WD10JPVX-60JC3T1	BBS(HD,Notebook Hard Drive - WDC WD10JPVX-60JC3T1,0x500)feff00000000170000000000000001062d00d4e8020000051900d4e84100d4e8000000020000000000000000000000000000000000000000000000000000000000183f947c120002010c00d041030a0000000001010600001703120a000000000000007fff0400
      dp: 05 01 33 00 02 00 00 05 4e 6f 74 65 62 6f 6f 6b 20 48 61 72 64 20 44 72 69 76 65 20 2d 20 57 44 43 20 57 44 31 30 4a 50 56 58 2d 36 30 4a 43 33 54 31 00 / 7f ff 04 00
    data: fe ff 00 00 00 00 17 00 00 00 00 00 00 00 01 06 2d 00 d4 e8 02 00 00 05 19 00 d4 e8 41 00 d4 e8 00 00 00 02 00 00 00 00 00 00 00 00 00 00 00 00 00 00 00 00 00 00 00 00 00 00 00 00 00 00 00 00 00 18 3f 94 7c 12 00 02 01 0c 00 d0 41 03 0a 00 00 00 00 01 01 06 00 00 17 03 12 0a 00 00 00 00 00 00 00 7f ff 04 00
Boot0001* Windows Boot Manager	HD(1,GPT,62b09d32-865b-401b-b27b-c3cf19094f7f,0x800,0x82000)/File(\EFI\Microsoft\Boot\bootmgfw.efi)57494e444f5753000100000088000000780000004200430044004f0042004a004500430054003d007b00390064006500610038003600320063002d0035006300640064002d0034006500370030002d0061006300630031002d006600330032006200330034003400640034003700390035007d0000007c210100000010000000040000007fff0400
      dp: 04 01 2a 00 01 00 00 00 00 08 00 00 00 00 00 00 00 20 08 00 00 00 00 00 32 9d b0 62 5b 86 1b 40 b2 7b c3 cf 19 09 4f 7f 02 02 / 04 04 46 00 5c 00 45 00 46 00 49 00 5c 00 4d 00 69 00 63 00 72 00 6f 00 73 00 6f 00 66 00 74 00 5c 00 42 00 6f 00 6f 00 74 00 5c 00 62 00 6f 00 6f 00 74 00 6d 00 67 00 66 00 77 00 2e 00 65 00 66 00 69 00 00 00 / 7f ff 04 00
    data: 57 49 4e 44 4f 57 53 00 01 00 00 00 88 00 00 00 78 00 00 00 42 00 43 00 44 00 4f 00 42 00 4a 00 45 00 43 00 54 00 3d 00 7b 00 39 00 64 00 65 00 61 00 38 00 36 00 32 00 63 00 2d 00 35 00 63 00 64 00 64 00 2d 00 34 00 65 00 37 00 30 00 2d 00 61 00 63 00 63 00 31 00 2d 00 66 00 33 00 32 00 62 00 33 00 34 00 34 00 64 00 34 00 37 00 39 00 35 00 7d 00 00 00 7c 21 01 00 00 00 10 00 00 00 04 00 00 00 7f ff 04 00
Boot0002* Network Adapter (IPv4 Legacy)	BBS(128,Network Adapter (IPv4 Legacy),0x0)feff0100000000000000000000000200af0000d080000000c10b00d0920100d0000000000000000000000000000000000000000000000000000000000000000000000000001100
      dp: 05 01 26 00 80 00 00 00 4e 65 74 77 6f 72 6b 20 41 64 61 70 74 65 72 20 28 49 50 76 34 20 4c 65 67 61 63 79 29 00 / 7f ff 04 00
    data: fe ff 01 00 00 00 00 00 00 00 00 00 00 00 02 00 af 00 00 d0 80 00 00 00 c1 0b 00 d0 92 01 00 d0 00 00 00 00 00 00 00 00 00 00 00 00 00 00 00 00 00 00 00 00 00 00 00 00 00 00 00 00 00 00 00 00 00 00 00 00 00 11 00
Boot0003* USB Hard Drive -  USB	BBS(7,USB Hard Drive -  USB,0x500)feff0000000014000000000000000c0300004de80700000500004be800004fe800000000000000000000000000000000000000000000000000000000000000000018b8647c140002010c00d041030a00000000010106000014030506000c007fff0400
      dp: 05 01 1e 00 07 00 00 05 55 53 42 20 48 61 72 64 20 44 72 69 76 65 20 2d 20 20 55 53 42 00 / 7f ff 04 00
    data: fe ff 00 00 00 00 14 00 00 00 00 00 00 00 0c 03 00 00 4d e8 07 00 00 05 00 00 4b e8 00 00 4f e8 00 00 00 00 00 00 00 00 00 00 00 00 00 00 00 00 00 00 00 00 00 00 00 00 00 00 00 00 00 00 00 00 00 18 b8 64 7c 14 00 02 01 0c 00 d0 41 03 0a 00 00 00 00 01 01 06 00 00 14 03 05 06 00 0c 00 7f ff 04 00
Boot0004* USB Hard Drive (UEFI) - USB (USB)	PciRoot(0x0)/Pci(0x14,0x0)/USB(12,0)/HD(2,GPT,7cd178b0-860e-4729-a4a1-cd7bae592982,0xc63010,0x27b0)RC
      dp: 02 01 0c 00 d0 41 03 0a 00 00 00 00 / 01 01 06 00 00 14 / 03 05 06 00 0c 00 / 04 01 2a 00 02 00 00 00 10 30 c6 00 00 00 00 00 b0 27 00 00 00 00 00 00 b0 78 d1 7c 0e 86 29 47 a4 a1 cd 7b ae 59 29 82 02 02 / 7f ff 04 00
    data: 52 43
Boot2001* EFI USB Device	RC
      dp: 7f ff 04 00
    data: 52 43
Boot2002* EFI DVD/CDROM	RC
      dp: 7f ff 04 00
    data: 52 43
Boot3001* Internal Hard Disk or Solid State Disk	RC
      dp: 7f ff 04 00
    data: 52 43
